week	de_price_vol	de_load_vol	de_wind_vol	de_solar_vol	de_res_vol	de_wind_pen_vol	de_solar_pen_vol	de_res_pen_vol	de_exim_vol	de_load	de_wind	de_solar	de_res	de_wind_pen	de_solar_pen	de_res_pen	de_exim
1	2.186036895	8.356141518	8.416118828	5.650139938	8.438731752	-2.554759112	-5.245912177	-2.521619504	6.677407455	10.85964552	9.681786743	6.112406939	9.709570496	-1.153278706	-4.844995645	-1.128655204	0.203078125
2	1.354204624	8.500899124	8.61055431	5.720187347	8.615048725	-2.406555279	-5.04443905	-2.409790295	6.85582727	10.94537978	9.185000439	6.566826251	9.25539917	-1.758971004	-4.425259112	-1.691770629	1.187136905
3	2.455821776	8.680599873	8.577831552	6.35861475	8.492990065	-2.136207575	-4.817141707	-2.180647228	6.640415464	10.9729015	9.219756319	6.704046093	9.297462917	-1.673468531	-4.402376883	-1.610220976	0.853678571
4	0.935210268	8.577177714	7.626892168	6.131392975	7.74988803	-3.378697671	-5.04375328	-3.295032367	6.95402975	10.97307758	8.367266142	6.869829415	8.569147517	-2.584782751	-4.202800623	-2.403886085	0.176738095
5	1.991242037	8.288530371	7.808334948	5.734139736	7.716796512	-3.212794539	-4.975785452	-3.305759334	5.814344016	11.01621366	8.577870473	7.410388004	8.848774542	-2.427984533	-3.666231217	-2.173426004	2.367297619
6	2.866296567	8.573639691	7.172015817	5.642741801	6.999968256	-4.046917378	-5.076513588	-4.241679132	5.221902784	11.05423456	8.190877238	7.371325105	8.555957029	-2.870885477	-3.731910132	-2.518308823	2.750297619
7	2.853520973	8.801695375	8.469318301	5.712021419	8.492452349	-2.402262088	-4.918167407	-2.355154676	6.139763379	10.98222375	9.1182681	6.809185641	9.212989351	-1.808638243	-4.21028502	-1.721938954	1.942886905
8	1.142266623	8.689663546	8.328671223	6.563657293	8.260357255	-2.640775653	-4.528398247	-2.722241996	5.901450223	10.92278389	9.326484526	7.447080406	9.46857511	-1.58154285	-3.564769719	-1.4526006	1.968511905
9	1.495933752	8.623651732	7.497838753	6.709498634	7.382581968	-3.464912154	-4.176030175	-3.435441791	5.349864722	10.92740943	8.390555912	7.455112185	8.721593194	-2.516022524	-3.538931714	-2.208870655	2.340136905
10	1.658254009	8.727524537	7.43003809	6.743274742	7.034659113	-3.084759439	-4.541510652	-3.255409556	5.505827797	10.91994343	8.825227206	7.789823349	9.129089876	-2.042306401	-3.249087427	-1.780589488	2.423666667
11	1.503237436	8.574205707	7.707625958	7.0567698	7.29528297	-3.155626793	-3.94607785	-3.371171003	6.144411707	10.90421189	8.419183358	8.093870801	8.962844869	-2.445913404	-2.907812042	-1.957280505	1.414333333
12	1.918134951	8.609081811	7.644855744	6.854357079	7.77271424	-3.276317738	-4.360687547	-3.265643699	6.662304547	10.88960647	7.850576133	8.253414407	8.765291593	-3.036901134	-2.752446248	-2.191446104	1.700065476
13	2.06028617	8.32077603	8.656227323	7.365708186	8.407074598	-2.12558443	-3.616105342	-2.292438666	5.950081897	10.85873397	9.194460823	8.28378804	9.532541411	-1.630175395	-2.685609874	-1.331522836	0.712589286
14	1.667865347	8.887778983	7.663525178	6.433887654	7.706588966	-3.152554766	-4.078894414	-3.095860511	6.631812143	10.83784247	8.34122831	8.081795716	8.913048864	-2.472073067	-2.828312902	-1.941265631	0.827839286
15	2.445940411	8.493928856	8.2087968	6.702999539	8.017573294	-2.522025792	-4.35842909	-2.650357509	6.650140496	10.85833784	8.516746973	7.934526543	8.960571225	-2.285376274	-3.036756385	-1.89894783	0.581089286
16	1.68677999	8.603930623	7.479587518	6.409940342	7.432878378	-3.501770618	-4.445659757	-3.516478082	5.855050227	10.9293943	8.461184801	8.293985144	9.074222556	-2.451086755	-2.736105237	-1.890328559	1.697529762
17	2.230578432	8.582470709	7.51883998	6.67682446	7.550058413	-3.385153652	-4.133199079	-3.278406313	6.532289087	10.89226859	8.640037535	8.385963698	9.214195375	-2.228560607	-2.611542497	-1.708680947	1.018214286
18	2.146658772	8.726479356	6.391657936	6.829664952	7.270522948	-4.086033079	-3.978001118	-3.361061601	6.095561625	10.81923742	8.147910101	8.493386457	9.028641089	-2.626168187	-2.436307496	-1.833591527	0.260684524
19	1.759770022	8.659585476	8.065570553	6.868861828	8.087023781	-2.72787252	-3.697275647	-2.640837442	6.472339163	10.8796471	8.626838662	8.478677953	9.248646931	-2.210866957	-2.496222229	-1.650253306	-0.437047619
20	2.034476839	8.664411774	7.8461682	6.772970826	7.714451775	-3.074693437	-3.64844237	-2.994902095	5.858453324	10.81421199	8.556372741	8.680658326	9.313592336	-2.254317942	-2.219691186	-1.543707514	0.402053571
21	2.128117731	8.740420184	7.375188783	6.812069917	7.4760015	-3.68807458	-3.697275669	-3.776414476	6.29039511	10.87489285	8.342157804	8.749948733	9.259844677	-2.527055962	-2.227222122	-1.672796163	0.65902381
22	2.085589972	8.792881468	8.149182289	7.160388139	8.194865725	-2.683761089	-3.526496657	-2.618462868	6.883521793	10.81057343	8.482427282	8.585666684	9.228525869	-2.339258943	-2.319383982	-1.636124906	0.609803571
23	2.226298164	8.541907277	7.649102417	6.765593327	7.935389676	-3.064913046	-3.826967784	-2.747202898	6.634779041	10.80244439	8.473476523	8.45620478	9.158025121	-2.302460163	-2.437364263	-1.674491866	0.828934524
24	2.306392969	8.628489907	7.398639645	6.787105586	7.723656968	-3.177380276	-3.592953166	-2.704341911	6.121318097	10.8588962	8.090466689	8.554982122	9.042604349	-2.693337617	-2.395953918	-1.84048445	0.133357143
25	2.350926277	8.707128127	7.448669113	6.914850461	7.758508488	-3.279978816	-3.759404869	-2.858124746	6.29695802	10.85725434	8.30612404	8.605067874	9.159872714	-2.513009946	-2.356823169	-1.738723183	0.381595238
26	2.10648859	8.591193283	8.381254658	7.085279577	8.424854116	-2.445544572	-3.939456185	-2.434498053	6.374480594	10.84818744	8.525513098	8.475603343	9.194016741	-2.28398511	-2.511374875	-1.698083426	0.61002381
27	2.084606323	8.669789009	6.416700286	6.469677262	6.821831538	-4.130737575	-3.906626449	-3.438355426	5.935129418	10.8618168	7.634851273	8.497772528	8.849786029	-3.160370384	-2.466013881	-2.060951718	0.140130952
28	2.001209629	8.621822617	7.555099132	6.989919442	7.73749005	-3.244788639	-3.833422947	-3.004599044	6.150138188	10.82925514	8.620115559	8.400827867	9.209617775	-2.195496163	-2.534928609	-1.657732018	0.736982143
29	1.704110412	8.570992382	7.827431827	6.662704743	7.705682343	-3.161645478	-3.663446287	-3.476760515	5.343881139	10.81325048	8.684135081	8.436112324	9.260940666	-2.148102621	-2.47151217	-1.603642582	0.868339286
30	1.863337456	8.647242022	6.929760119	6.968510445	6.802437876	-3.745450027	-4.796856244	-3.965521775	6.10012774	10.83578977	7.648759096	8.671751161	8.978881113	-3.122616093	-2.299239351	-1.935327798	1.208738095
31	1.166587977	8.475797596	6.968626835	6.619806307	7.221686592	-3.87129723	-4.343209821	-3.914665577	6.056822463	10.81158505	7.609890429	8.491298819	8.837862216	-3.18352722	-2.444988621	-2.054426222	0.555071429
32	1.860271181	8.419233122	7.696599777	6.677544744	7.654018341	-3.141424535	-3.592240114	-3.036147009	6.122558942	10.78289421	8.258873886	8.512746229	9.086992091	-2.525376233	-2.368078982	-1.750490807	0.860511905
33	1.668144984	8.404218854	6.793481111	6.669231007	7.201402331	-3.938948611	-3.765794038	-3.322681183	6.633355332	10.81663609	7.837114859	8.6803585	9.038251436	-2.902273403	-2.248392182	-1.829666368	0.541619048
34	2.356149543	8.741991188	8.038049028	6.922476624	7.985435677	-2.515924026	-4.327211886	-2.456749012	6.639983243	10.84699651	8.455301463	8.383495105	9.113189845	-2.296648602	-2.589614458	-1.739293875	-0.029017857
35	1.776839005	8.460489189	6.949433889	7.087733236	7.454453744	-3.812267655	-3.891610799	-3.401142479	6.56903279	10.84900589	7.880784897	8.278855476	8.792645476	-2.901897022	-2.692368684	-2.098507916	0.585845238
36	1.370919542	8.61047834	7.495363356	6.660387375	7.63834749	-3.414740536	-3.826228035	-3.20171214	6.519770811	10.87318442	8.017388214	8.455655895	8.953489323	-2.839146164	-2.517213146	-1.972132927	0.572458333
37	2.223618973	8.664332664	7.864336372	7.088810596	8.009835947	-3.054384088	-3.592870469	-2.872439985	6.51387772	10.8731614	8.511323522	8.307325845	9.107664751	-2.337911248	-2.659054408	-1.792499051	0.730994048
38	1.953489638	8.646065921	7.023734182	6.516694163	6.88905739	-3.818814985	-4.969470196	-4.092617224	6.179105685	10.87784917	8.410613308	8.284554743	9.042716238	-2.438723396	-2.716380858	-1.874799036	0.658130952
39	1.972633322	8.637170438	7.66429412	6.453233257	7.532989134	-3.343189428	-3.993215656	-3.389449492	6.623558925	10.87474536	8.869323131	8.076748679	9.242731809	-1.982003997	-2.886375459	-1.642111733	1.07522619
40	1.996528193	8.432524473	7.920641298	6.420843077	7.861433019	-3.006175172	-4.339306646	-3.006637534	5.645942088	10.86156941	8.893756372	7.802641391	9.183318047	-1.9488272	-3.133725062	-1.68202862	1.947380952
41	2.005150045	8.509130879	7.540031191	7.172032075	7.506762266	-3.497559663	-3.945289527	-3.76725139	6.616989578	10.90652441	8.445720986	7.944847924	8.919468444	-2.442999056	-3.069768214	-2.014914831	1.497363095
42	0.939529491	8.50747633	7.874829681	6.774025528	7.96499094	-3.126702008	-4.177385332	-3.126499	5.848266498	10.90869219	8.585522704	7.990666163	9.024836235	-2.338669887	-3.005686117	-1.924418373	1.94702381
43	1.803758236	8.279188269	7.231065971	6.578892096	7.122058911	-3.701561966	-4.548098526	-3.822455998	6.809652482	10.91960608	7.950025135	7.488516915	8.438808962	-2.938805396	-3.533447326	-2.499415561	1.180367857
44	2.170911446	8.366756401	7.900399267	6.437659619	7.952104891	-3.020605242	-4.783541957	-3.004750934	6.849158554	10.91902346	9.045724575	7.435627793	9.22793635	-1.848520886	-3.601929463	-1.688800634	1.458190476
45	1.638445678	8.45641074	8.216899614	5.976258929	8.163394944	-2.817057267	-5.198988208	-2.883063063	6.2373331	10.9505913	9.08696597	6.901847865	9.19354375	-1.84495363	-4.161445661	-1.750899756	1.449297619
46	1.628434562	8.554278874	6.95620648	6.024467172	6.888636145	-3.938284562	-5.124846861	-3.966731993	5.899385541	10.97310516	7.868910304	7.486848044	8.389162892	-3.051752827	-3.584019317	-2.589735747	1.769982143
47	2.386244026	8.50094695	8.310309118	5.539588867	8.274547426	-2.45506269	-5.866978467	-2.469417524	6.865702802	10.96259353	8.736313422	7.085148965	8.911800346	-2.170824082	-3.986271326	-2.020023209	0.912404762
48	1.754207615	8.451261417	7.624515447	5.394438609	7.594550503	-3.369037133	-5.660179371	-3.393169214	6.975247327	10.98540137	8.485564609	6.431124069	8.606156601	-2.465297554	-4.645893751	-2.358261702	1.18425
49	1.836174088	8.545623638	8.105953636	5.097692064	8.06520309	-2.737762254	-6.007528289	-2.768980922	5.991068777	10.9957847	8.944104487	6.441152527	9.022770596	-2.028187519	-4.648107722	-1.957907382	1.99327381
50	2.627034888	8.493636051	7.935976194	4.072199151	7.928069489	-3.035659795	-7.267244549	-3.043166154	6.634509368	11.0229433	8.89481403	5.808309161	8.939463508	-2.099356605	-5.30782414	-2.059733563	1.064136905
51	2.548168268	8.765367964	8.040934132	5.133335736	8.028616141	-2.777097089	-6.085795003	-2.787973363	6.984582468	10.97983263	8.577068524	5.884801017	8.642600795	-2.350843565	-5.203115637	-2.294734494	0.137630952
52	3.42842911	8.443971144	8.220763695	5.53520919	8.256276998	-2.379604442	-5.335486304	-2.349383387	7.047976584	10.75015585	9.30696613	6.347248649	9.357501018	-1.402894629	-4.495389683	-1.358505979	0.197094907
53	1.738132463	8.299176099	7.988850676	6.308281695	7.960232824	-2.941986681	-4.579904655	-2.954783434	6.42214103	10.82527627	9.319690217	6.419296267	9.373232451	-1.492526577	-4.468171923	-1.442770687	0.991791667
54	1.615068512	8.299387032	7.502113829	5.802384764	7.417344065	-3.544384532	-5.036504116	-3.643460682	5.877456467	10.94700516	8.189407567	6.515829968	8.361320808	-2.754725117	-4.480041117	-2.590807921	2.275589286
55	2.037410925	8.587479041	7.754602444	5.343727507	7.697293969	-3.038266355	-5.892530374	-3.063910795	6.095251496	10.99003258	8.312729701	6.339406732	8.442875306	-2.61227601	-4.748004096	-2.500592848	2.650380952
56	2.319685682	8.351076963	8.199910695	5.038927383	8.185557344	-2.690607525	-5.949613083	-2.693845763	5.932629194	11.01467452	8.546858287	6.171130361	8.635735827	-2.407821252	-4.917304485	-2.329647755	2.362279762
57	1.749363489	8.458913108	8.728345467	5.805693699	8.728645008	-2.375119466	-5.158466639	-2.381001263	5.79750992	10.99916498	9.640384126	6.590945831	9.686681217	-1.354321163	-4.469907049	-1.310924074	1.344791667
58	2.008162085	8.367455928	8.72551547	5.700556048	8.694625242	-2.335597502	-5.144634564	-2.371711926	6.541315766	11.00034592	8.869737165	6.959175033	9.007755997	-2.151631619	-4.105496009	-2.019091054	2.254285714
59	1.640164917	8.719996181	7.928541348	5.662763758	7.976364759	-3.117555051	-5.282048729	-3.098194705	5.127725671	10.99372069	8.04032938	7.070549693	8.361808758	-2.97511889	-3.992085496	-2.666392001	2.853428571
60	1.939934434	8.538429798	7.64654273	5.975270314	7.489023859	-3.116546645	-5.213352648	-3.177611669	5.627858742	10.96410371	8.702979903	7.091962359	8.885038361	-2.226782892	-3.961835743	-2.064331719	2.66789881
61	1.942982193	8.452712781	7.098283393	6.334704288	7.280762279	-3.661479557	-4.461134575	-3.406673991	5.570816195	10.94986155	8.361572877	7.29893414	8.658370384	-2.552466817	-3.692540303	-2.274990002	2.731208333
62	2.304281282	8.318018017	8.086760816	6.943200586	7.774314159	-2.734345775	-4.255170018	-2.941107042	5.728850896	10.94479173	8.836839475	7.998591889	9.196238112	-2.065827164	-3.052279549	-1.748903881	2.527589286
63	2.675011796	8.464286848	8.425158734	6.640836406	8.510909517	-2.332906115	-4.155064538	-2.226978755	6.041867084	10.95836728	8.795041445	7.750211642	9.096442738	-2.088882353	-3.265012712	-1.82002376	2.625833333
64	2.653903038	8.132933668	8.447602921	6.677725355	8.477775085	-2.391340731	-4.236048156	-2.335451993	6.334863815	10.96217712	9.079621639	7.925801748	9.353784912	-1.840924032	-3.111014903	-1.593434384	2.375285714
65	1.752032867	8.481701251	8.469749124	6.648750548	8.537013256	-2.552238293	-4.560457459	-2.543857478	6.21576244	10.9197767	8.755284701	8.193688256	9.20655004	-2.206836335	-2.810750706	-1.770733665	2.534279762
66	2.149866356	8.295036992	7.615838344	7.070396333	7.939317593	-3.428173354	-3.951854014	-3.187103111	5.004909529	10.89169421	8.400919093	8.456192981	9.122085069	-2.508523749	-2.507853108	-1.815041192	2.840494048
67	2.737790976	8.494511939	7.592980065	6.951571211	7.731333285	-3.196338144	-3.739118748	-2.92332012	6.291631881	10.90912178	8.652271054	8.123656557	9.115640884	-2.227464452	-2.832873713	-1.791889894	1.539083333
68	2.157277545	8.238412111	8.092781546	6.735368039	8.138679779	-2.890254633	-4.099282412	-2.859320754	6.456815065	10.90792837	8.704725218	8.479948305	9.291786273	-2.190034382	-2.513757797	-1.645706106	0.788345238
69	1.723411272	8.351147621	7.554289187	6.960663204	7.623570364	-3.423587836	-4.192011992	-3.516484022	6.790318143	10.87418936	8.294701355	8.402977866	9.043451551	-2.568589559	-2.564136706	-1.873213473	0.634095238
70	2.131406586	8.579919146	7.45921801	6.815256386	7.264837898	-3.595145164	-3.538308549	-3.605221383	6.889070064	10.83924274	8.25482039	8.503295927	9.079903079	-2.59181201	-2.382132618	-1.78833949	0.485678571
71	2.224734238	8.231552232	6.98814707	6.687025806	6.985234427	-3.676379738	-4.146094398	-3.450922598	6.593401421	10.82132423	8.369044754	8.465835158	9.111757727	-2.430905188	-2.440024348	-1.742307193	-0.936345238
72	2.038835244	8.588845043	7.090622285	7.158256699	7.261873704	-4.170163381	-3.49400079	-3.658030515	6.778939002	10.8488816	8.575673858	8.537200029	9.249769142	-2.272446898	-2.381281068	-1.632236923	0.060482143
73	2.195785033	8.537857709	8.044390807	7.108772948	7.64259242	-2.786603937	-3.856583727	-3.158327717	6.665410069	10.81111768	8.631965472	8.370212861	9.202776313	-2.156468366	-2.536789372	-1.635509109	0.285208333
74	2.503135203	8.358767079	8.331352609	7.118967682	8.250256114	-2.319903711	-3.859560033	-2.30943608	6.894341238	10.81631527	8.780909755	8.319058826	9.269561096	-1.967109355	-2.588994527	-1.537321605	0.377261905
75	2.067460174	8.197636078	7.928979057	6.921691687	7.573005933	-2.959331457	-3.902912087	-3.388368984	6.120216045	10.82732249	8.145501889	8.785698929	9.209127416	-2.667037492	-2.133385726	-1.671880959	-1.013636905
76	2.491261491	8.291042087	7.741103772	6.618831182	7.865578172	-3.046822284	-3.768627796	-2.777370301	6.204280271	10.84152125	8.442707892	8.780821108	9.319134194	-2.365460908	-2.146763955	-1.556998583	-0.389565476
77	2.270216504	8.442347925	7.850160721	7.077233722	7.491285723	-2.923990957	-4.37879831	-3.115881051	6.605492103	10.86194771	8.520922953	8.853367216	9.394044011	-2.287460813	-2.114327934	-1.504004989	-0.010315476
78	1.861323599	8.577648377	7.715887257	6.925192377	7.943804867	-3.281477076	-3.776653892	-3.00138909	6.712174053	10.86098786	8.602221133	8.494740481	9.243071305	-2.249095061	-2.450592085	-1.651629824	0.206160714
79	2.024224588	8.59385189	7.205127842	7.373434096	7.289018704	-3.805446357	-3.260040027	-3.323174281	6.859934532	10.85081265	7.854457212	8.750429124	9.092748988	-2.989514848	-2.161580798	-1.799057239	-0.274488095
80	1.66269266	8.180947671	6.949281706	6.071747601	6.852246339	-3.850947776	-4.683173845	-3.729362568	6.407172983	10.85306061	7.94213866	8.947259913	9.25914686	-2.881413015	-1.99818605	-1.652154946	-0.007702381
81	1.910561312	8.425152379	6.850032755	6.703675346	7.125017458	-4.011890121	-4.863899992	-3.871365145	6.337496423	10.84076205	7.705467007	8.918111893	9.178481572	-3.092295414	-2.01762229	-1.723901486	-0.501321429
82	2.252300424	8.399742171	7.070479373	6.585158287	7.13133404	-3.520894736	-3.961164298	-3.155203729	6.349594173	10.83397419	7.588662906	8.89066103	9.131241891	-3.139744769	-2.036116704	-1.749686219	0.176922619
83	1.589227747	8.436386327	7.651797127	7.034189328	7.757060515	-3.312044403	-3.73447214	-3.267808937	6.1911227	10.84886899	8.164530206	8.793155511	9.220593736	-2.692998597	-2.142022558	-1.686887064	-0.00535119
84	2.071559482	8.479258843	6.793578044	6.927315154	6.957279814	-3.802606605	-3.800739703	-3.356705909	6.169651717	10.81768657	8.061195928	8.630901524	9.079229395	-2.712322402	-2.273834879	-1.776087657	-1.205065476
85	1.486506724	8.235832801	7.229897206	6.692957342	6.713462531	-3.507917531	-4.250542954	-3.893495481	6.595063964	10.78675037	8.217426087	8.741301691	9.206431513	-2.552710983	-2.139621468	-1.631838635	-0.918184524
86	2.258468879	8.228021022	7.548102323	7.071353876	7.429026853	-3.055061822	-3.915966824	-3.016028766	6.060119654	10.79880135	8.063808958	8.578828014	9.047261167	-2.652699071	-2.323332448	-1.781369137	-0.399142857
87	2.226028179	8.19517291	7.431734262	6.803733114	7.319149752	-3.322043082	-4.372671438	-3.433568425	6.478872253	10.81400463	8.005572778	8.432777903	8.934964152	-2.767788127	-2.489640289	-1.925927265	0.517553571
88	2.06469032	8.140697585	8.091783333	7.134325382	7.964596032	-2.807667356	-3.819215945	-2.981016236	6.608657163	10.82959164	8.519339505	8.519037074	9.212335482	-2.292560215	-2.409328112	-1.656093607	0.616708333
89	2.084127535	8.487371361	7.025861264	6.161857491	7.000930827	-3.738897673	-5.033283731	-3.758183476	6.631879851	10.83739423	8.098316477	7.986343902	8.737043784	-2.709811428	-2.950840822	-2.129934559	0.110113095
90	2.050477992	8.486087755	7.702532464	6.845916357	7.775269123	-3.251421331	-3.901466486	-3.198053832	6.121434862	10.83266149	8.626474155	7.959881092	9.040869212	-2.205613191	-2.940745206	-1.813948093	0.808107143
91	2.499467391	8.402795999	7.946843305	6.772968325	8.039243825	-2.759819422	-3.726606538	-2.574561164	5.859875545	10.8283218	8.25407526	8.300389966	8.970647901	-2.515707526	-2.590907769	-1.859453749	1.231827381
92	1.717775008	8.309185061	8.135839424	7.356142053	8.473418314	-2.599359622	-3.51772719	-2.297241444	5.961551484	10.8035457	8.842316368	8.233730973	9.276770563	-1.938379713	-2.662542254	-1.543146546	1.536160714
93	2.214506734	8.336050653	7.87602884	6.564055453	7.708572586	-3.030651056	-4.072370712	-3.115719296	6.866475735	10.82754034	8.325522654	7.687467996	8.749691215	-2.482868195	-3.196338131	-2.084131552	1.446625
94	2.246989603	8.308918966	8.118052288	6.610284366	8.110786873	-2.802272978	-4.266611291	-2.795654055	6.032296961	10.87537854	8.757577417	7.692298998	9.053697704	-2.089124262	-3.270039346	-1.821391602	1.746238095
95	2.307830176	8.307095503	8.223526073	6.32768959	8.125947487	-2.48878818	-4.739546174	-2.52848428	6.519550706	10.88844961	9.123362855	7.722842029	9.343677259	-1.722886397	-3.260887153	-1.528298604	0.927821667
96	2.191236749	8.354089196	8.580834825	6.789865858	8.544937905	-2.32017244	-4.366118152	-2.370085366	6.971064874	10.89204656	9.46253303	7.441812169	9.587013476	-1.416922446	-3.577328723	-1.307818497	0.910363095
97	2.009022779	8.358964835	8.298732873	5.758628789	8.290732545	-2.642878681	-5.291161313	-2.651414115	5.943606553	10.90520319	9.276151403	7.004449052	9.37430885	-1.6188192	-3.996603172	-1.530116346	1.064357143
98	1.686482034	8.357810693	7.258435344	5.349762169	7.323110266	-3.759773857	-5.804649646	-3.738514506	6.549723646	10.93675306	8.224351809	7.152075606	8.518683212	-2.698837936	-3.880454842	-2.43127008	2.242244048
99	2.010994745	8.482679207	7.364451608	5.638007285	7.32066981	-3.315053498	-5.513442873	-3.314487168	5.218671817	10.94770745	8.34631837	6.804554928	8.540241852	-2.554551535	-4.243977376	-2.385124846	2.777107143
100	2.084302153	8.063382887	7.939015102	6.414493608	7.777021033	-3.059933176	-4.715889015	-3.222791765	5.855878969	10.94889924	8.972140628	6.985227515	9.100637655	-1.960419223	-4.073417635	-1.846309602	2.477267857
101	2.378018045	8.394452907	8.908885723	6.088298538	8.871787292	-2.098282895	-5.103658593	-2.134530378	6.358635448	10.99234357	9.405818561	7.014987346	9.493420519	-1.570800207	-4.08196339	-1.492752937	2.025613095
102	2.718858716	8.513620203	8.45898483	5.478959356	8.418673307	-2.390586841	-5.406373838	-2.417241703	6.115827816	10.94679758	8.782603672	6.938933637	8.92950151	-2.09971872	-4.081914203	-1.970651641	2.104327381
103	2.700238672	8.492363904	8.428429221	6.24786186	8.388974828	-2.258684264	-4.911212615	-2.279021056	6.390444149	10.9476689	9.405959458	6.878758183	9.48281149	-1.493088444	-4.171730732	-1.426686373	1.650416667
104	2.468808384	8.05761296	8.747019104	5.974074898	8.796132777	-2.113939896	-5.000058946	-2.072722818	6.529184975	10.79199431	9.431329576	6.777171171	9.499322773	-1.362079891	-4.112017324	-1.300108543	0.52652381
105	1.952114525	8.185237876	7.956945784	5.97374998	8.04548536	-2.827897761	-4.839988973	-2.744392619	7.298609997	10.77647044	9.171223136	6.551466655	9.241514385	-1.585388677	-4.289152838	-1.520581739	0.39425
106	1.516442038	8.386404961	7.605588582	5.859794528	7.525783139	-3.749298376	-4.786528131	-3.75333486	6.11044176	10.91397648	9.553409804	7.134998629	9.638727508	-1.348366754	-3.835807521	-1.268518751	1.205678571
107	2.046499387	8.371293345	8.01342096	6.050882459	8.083717272	-2.751536854	-4.811728361	-2.667133864	6.579311059	10.97232441	8.790225333	6.932038749	8.935152336	-2.133544568	-4.090567946	-2.001395594	0.553803571
108	2.150876778	8.197143781	7.566007048	5.891790117	7.666507007	-3.217620027	-4.99990923	-3.117032617	7.007312039	10.95969229	8.648284986	6.62228152	8.772148571	-2.274193383	-4.394211549	-2.160838405	1.097232143
109	1.86150087	8.444600209	7.806157715	5.564998051	7.82671941	-3.089544355	-5.866077009	-3.086629581	6.294830082	10.95137186	9.094929427	7.184051573	9.232907563	-1.832702013	-3.851260645	-1.707968249	1.917047619
110	2.199599026	8.409977758	8.5961291	5.846009428	8.584630585	-2.277087649	-5.043663569	-2.260963612	6.899652992	10.98405154	9.450221002	7.563255556	9.591313312	-1.502721172	-3.498520788	-1.375291536	0.965815476
111	2.249470935	8.288339525	8.275444422	6.130966349	8.226544118	-2.495679827	-5.147110878	-2.518606712	6.199778399	10.9774862	9.491349862	7.59271149	9.630913884	-1.445898376	-3.480042409	-1.32297976	1.475845238
112	1.98374697	8.272731027	7.559748277	6.878387705	7.670194146	-3.250861001	-3.968439789	-3.029359701	6.671762898	10.95940191	8.79600095	7.926651646	9.146111368	-2.12966011	-3.09071497	-1.805774467	1.570708333
113	1.6099229	8.382609807	7.694631212	7.039816834	8.07647439	-3.371140913	-4.138929226	-3.038057336	5.890789986	10.95132907	8.547435232	8.19387042	9.079345298	-2.395756848	-2.844714944	-1.902102097	1.966327381
114	2.194486257	8.46478038	7.810758806	7.288968824	8.160256785	-3.010579075	-3.405802841	-2.580293482	6.760848865	10.92274007	8.467680447	8.392542723	9.123964309	-2.408334467	-2.56329028	-1.789666778	1.675214286
115	2.685390452	8.280653357	9.05299269	7.66411982	8.773407517	-1.726524556	-3.439535372	-1.922594904	5.430586066	10.92556628	9.071814258	8.504482731	9.521000541	-1.759598764	-2.525327624	-1.377747009	1.058571429
116	0.832682574	7.989487675	8.452633291	7.264865894	8.56353745	-2.552906519	-3.853731659	-2.476035063	6.407297897	10.93824067	9.381270652	8.244080821	9.659446961	-1.553607488	-2.793854108	-1.299498079	0.799571429
117	1.485841167	8.533790229	7.534427418	6.979487016	7.768050513	-3.455823497	-3.543980916	-3.124057938	7.151934436	10.90658319	8.249829704	8.646058224	9.160588727	-2.647872207	-2.308764849	-1.770865472	2.062035714
118	1.527492594	8.519446517	7.354045297	6.577915165	7.223601101	-3.517434311	-4.733451123	-3.688466941	6.555586372	10.8944669	8.021566584	8.634818543	9.067630808	-2.824077335	-2.345853011	-1.863499009	0.139208333
119	2.179942236	8.490251304	8.63544877	6.634707561	8.645803431	-2.281363475	-3.881812753	-2.25518872	6.685764273	10.87698059	8.933805945	8.442069421	9.411010757	-1.934819242	-2.49863582	-1.484359638	0.136410714
120	1.798478049	8.531995246	8.488049232	7.192209296	8.353551939	-2.458236395	-3.761539731	-2.62100829	5.761285867	10.83371559	9.139255543	8.631725404	9.610496252	-1.68789488	-2.277979153	-1.246882096	1.324994048
121	1.730346872	8.542974867	7.225129707	7.067198104	7.230938083	-3.406158173	-4.200282884	-3.384058537	6.912604747	10.84026042	8.170293831	8.494303532	9.038511644	-2.594998303	-2.445477815	-1.824298931	1.461380952
122	2.093406105	8.313956376	7.286244369	7.180764323	7.704857564	-3.509877755	-3.477890055	-2.977436254	6.86921547	10.80950137	8.019499614	8.504309046	8.984148235	-2.748063059	-2.369513239	-1.847834414	0.211875
123	2.508963309	8.261286861	8.371227378	6.855695099	8.223429551	-2.349930466	-4.13796778	-2.360376708	6.858869096	10.87525128	9.143295344	8.533104029	9.577183936	-1.697241318	-2.430999639	-1.30513084	-0.515880952
124	1.579295528	8.549553051	8.034202543	6.877607539	8.123611546	-2.966989414	-4.184234678	-3.017162798	6.986747947	10.85666225	8.757920486	8.632542225	9.390342214	-2.108406232	-2.316087961	-1.513718115	0.259309524
125	1.848186208	8.296595483	7.28407117	6.956917905	7.447747641	-3.604807411	-3.714161085	-3.444335733	6.42987965	10.85100687	8.086315527	8.94632752	9.299205168	-2.726213386	-1.998098851	-1.604154203	-0.45677381
126	1.900094017	8.468672585	7.818020806	7.494317175	7.381051702	-3.120954447	-3.115728519	-3.523280295	6.258047782	10.76087213	8.589912323	8.645405834	9.311191151	-2.171532599	-2.170943416	-1.478090784	0.182821429
127	1.891222643	8.618345133	7.652594365	6.949322909	7.484445014	-3.260122066	-3.426392417	-3.150582522	5.757574147	10.83475638	7.888490655	8.894219742	9.205943864	-2.921563083	-2.012468596	-1.673934999	-0.577559524
128	1.93836444	8.561824297	7.013803866	6.328667891	7.076261398	-3.938048893	-3.721454817	-3.57616257	6.561221699	10.7950531	8.177965111	8.917470948	9.307720718	-2.591023106	-1.953834345	-1.529366371	-0.150839286
129	1.883416673	8.294550819	8.045178138	6.832579115	7.919756809	-2.675261919	-3.924763996	-2.633345553	6.597942128	10.79849555	8.736040441	8.789417001	9.456231991	-2.022161036	-2.095635939	-1.365076639	0.048940476
130	1.411311773	8.303366573	6.905164804	7.239285163	7.378883804	-3.833155162	-3.981643245	-3.605910438	6.764677502	10.82522829	7.790627421	8.743477301	9.069639736	-2.98839108	-2.189838293	-1.81828873	-0.274339286
131	1.434495967	8.295518508	6.26452486	6.969737123	6.582985018	-4.175602214	-4.032853626	-3.951383694	6.641442927	10.81241673	8.100512386	8.868319118	9.249511817	-2.676107137	-2.040065858	-1.615200841	-0.598839286
132	1.101795382	8.520818713	7.578790557	7.266741737	6.923380541	-3.399424608	-3.405017661	-4.296245223	4.810342503	10.81015583	8.406528382	8.403951856	9.098388129	-2.400935377	-2.466017953	-1.73980011	-1.724589286
133	1.559728936	8.312655242	7.429292623	7.073917749	7.30123148	-3.220462498	-3.689974431	-3.040113089	5.807200205	10.81557912	8.007386731	8.847011229	9.20599437	-2.732582768	-2.063922004	-1.650227956	-1.088357143
134	0.857969584	8.341309679	7.733356511	6.827338143	7.77914834	-3.148497352	-3.955839041	-3.317687501	6.319463686	10.80588556	8.334411429	8.670914197	9.209897977	-2.476399659	-2.220414418	-1.64709107	-1.107434524
135	1.893032994	8.45995267	6.618519411	7.104030135	7.050929639	-4.146171095	-3.645759061	-3.494055654	6.274607226	10.82377813	7.870517309	8.606509399	8.997895855	-2.906286071	-2.300364123	-1.864970568	-1.281059524
136	1.963344619	8.45025258	7.66188912	6.822822293	7.608839858	-2.950822964	-4.003963126	-2.796442254	6.188946563	10.80231708	8.004730216	8.616705757	9.049966636	-2.715126067	-2.271564264	-1.775803606	-1.53172619
137	2.46322458	8.4275192	8.088801724	6.682432733	8.251481502	-2.528708829	-3.997690205	-2.351170938	6.97390917	10.78527754	8.893457447	8.492016216	9.405894565	-1.854747223	-2.378128076	-1.389433351	-1.181571429
138	1.65200649	8.374414296	8.273749446	6.020682523	8.220243745	-2.597775909	-4.173971981	-2.666970879	5.940203212	10.77471006	8.882490266	8.589306938	9.439752078	-1.89384937	-2.277505655	-1.37424306	-0.860958333
139	1.70116882	8.13682609	6.683535153	7.045725869	7.191439838	-4.045031403	-3.95664798	-3.663747758	6.116039512	10.81497642	7.832020109	8.290125589	8.780226385	-2.943702442	-2.633762986	-2.083625482	-0.049083333
140	0.896906469	8.289558229	7.253819406	6.652990481	7.380332865	-3.635129505	-3.907741374	-3.648398313	5.013243919	10.80205913	7.979674058	8.437787719	8.927885345	-2.808308817	-2.443731281	-1.916349479	0.92647619
141	1.517059686	8.401405356	7.064283566	7.070060325	6.776610547	-3.673326009	-4.061737659	-4.270562726	6.515580614	10.83500545	8.324337069	8.163503303	8.940297325	-2.480498155	-2.781866751	-1.926725098	0.830886905
142	1.273616001	8.378756244	7.396400648	7.074624475	7.637795813	-3.336821373	-4.137603732	-3.27470726	6.382090799	10.84251603	8.318099174	8.31655854	9.010476335	-2.483568259	-2.633933603	-1.862780192	1.390970238
143	1.488795068	8.332081075	8.163704259	6.77256579	8.007087742	-2.805649753	-3.908256669	-3.056147034	5.993578617	10.86837875	8.736399148	8.303656066	9.236402708	-2.142721448	-2.641080667	-1.668024686	1.735982143
144	2.010565552	8.376172692	7.359592094	6.954867178	7.738420834	-3.275582317	-3.776393315	-2.881648504	5.89883805	10.81759614	7.83640078	8.253162787	8.759484954	-2.900801056	-2.630869675	-2.063607833	2.151494048
145	1.115277775	8.375176129	8.205351132	6.611209531	8.219808589	-2.737813864	-4.243207698	-2.78146417	5.839021898	10.85483489	8.815040989	7.90912343	9.154487985	-2.04400128	-3.026018152	-1.725871305	2.078494048
146	2.238628738	8.483944992	7.849023303	6.754252972	8.063592707	-2.775349936	-3.907188427	-2.534284316	5.373339606	10.8874287	8.416041083	7.8199019	8.854898796	-2.394445483	-3.111327254	-1.996829479	1.902613095
147	1.609845965	8.438312044	8.470168357	6.247189406	8.426143118	-2.523208212	-4.427704729	-2.590264164	6.491220375	10.88663095	9.100605248	7.478157516	9.280770222	-1.787002354	-3.466811058	-1.616070723	2.050414286
148	2.263033286	7.800858522	7.477090922	6.586034245	7.777887138	-3.334582557	-4.362407776	-3.063240153	6.599536279	10.91742275	8.411516442	7.898134246	8.880562122	-2.461726376	-3.106372087	-2.039831343	1.934452381
149	2.21785304	8.349868897	8.268564074	6.370587423	8.373250493	-2.645042612	-4.449951135	-2.546226628	6.210074999	10.89326106	8.893880071	7.563770357	9.128515929	-1.978611762	-3.392510866	-1.760928534	1.991208333
150	1.696797738	8.422858936	7.661160578	6.145683791	7.742773686	-3.145507239	-5.003564526	-3.098765379	6.648724792	10.91281109	8.569021361	7.077508175	8.771988231	-2.304613178	-3.948425495	-2.127939259	1.108619048
151	2.042396753	8.393203704	7.535477124	6.259446406	7.655432707	-3.214554053	-4.574440272	-3.059871155	6.295790777	10.91544857	8.23231569	7.085334782	8.508123165	-2.633835231	-3.880217182	-2.381099276	1.167988095
152	1.872821206	8.383605564	8.020183789	5.541080383	8.070023408	-2.857100877	-5.313894948	-2.799002664	7.093977565	10.92659206	9.006306091	7.196354275	9.157878039	-1.884093119	-3.808485245	-1.747846515	0.58435119
153	2.159813334	8.277059488	8.104064069	5.245985736	8.139897469	-2.798771787	-5.879204187	-2.767931641	6.704371675	10.97239013	8.514765831	6.244406412	8.61304891	-2.425136941	-4.822638256	-2.338092728	1.504571429
154	1.898249581	8.462933757	8.921033034	5.066735642	8.905187333	-2.138969007	-5.882321115	-2.160064431	6.28977062	10.95828323	9.563303599	6.355420472	9.60294935	-1.403288654	-4.677079204	-1.366125214	1.704244048
155	2.631149682	8.581419299	8.76105002	5.350053759	8.77740717	-1.978605978	-5.417414643	-1.956353189	6.228095191	10.94689425	9.753215003	6.106702614	9.778962604	-1.149717498	-4.874588014	-1.125887479	1.210553571
156	2.280658365	8.54909299	9.072482151	5.234381407	9.060108702	-1.86310799	-5.345989496	-1.883098642	6.583104022	10.81184583	9.699138775	6.708521949	9.748173126	-1.120878022	-4.157544497	-1.073999575	1.026529762
