week	dk1_price_vol	dk1_load_vol	dk1_wind_vol	dk1_pen_vol	dk1_exim_vol	dk1_load	dk1_wind	dk1_pen	dk1_exim
1	1.840293385	5.626508962	6.215879407	-1.441648189	5.635101694	7.900546187	6.657086051	-1.155917487	0.878478571
2	1.867734643	5.344635941	5.738269931	-2.087911828	6.013728363	7.878376355	6.799593224	-1.025468271	0.608059524
3	1.275852067	5.468798935	5.711211672	-2.028866386	5.891817529	7.89220965	6.371041884	-1.467743862	0.575644643
4	1.719993173	5.333176856	5.974208901	-2.064587394	5.941217091	7.897577456	6.259854576	-1.618741945	0.760316071
5	0.984886183	5.400904729	5.922341415	-1.964159644	5.740941079	7.894269236	6.386107417	-1.473581326	0.927447024
6	1.441868421	5.61179825	5.767495521	-2.143883724	6.049877844	7.895555712	5.892498885	-1.989463904	0.708596429
7	1.817955898	5.474292354	5.467408605	-2.268649205	5.524987551	7.88636108	6.295584436	-1.547954426	1.092079167
8	1.456480045	5.557498673	5.213882589	-2.550850744	4.86	7.856208909	6.209176708	-1.601734383	1.32
9	1.410787004	5.420005989	5.8481189	-2.002967232	4.205727338	7.830442178	6.353241039	-1.442063952	1.292619048
10	2.022105138	5.505096025	6.168135619	-1.516177679	4.802626067	7.839481037	6.293958259	-1.464633025	1.174783929
11	1.320602254	5.591446498	5.397305164	-2.364687619	4.532052503	7.797279046	6.428653242	-1.357337153	1.205357738
12	2.018519599	5.374095006	5.530955615	-2.064918208	4.654615214	7.753775538	6.281276047	-1.449545519	1.045204167
13	1.090637666	5.546962356	5.30675202	-2.032929595	4.692764974	7.638719945	6.783547632	-0.817791053	1.078753571
14	1.000474164	5.575576889	5.417269559	-2.391750497	5.449266313	7.672948997	6.275400773	-1.397561633	0.865103571
15	1.324444616	5.43234295	6.228865192	-1.368004596	5.414691443	7.699718392	6.48804635	-1.155538187	0.541807738
16	2.011446082	5.515104288	5.460620964	-2.414151302	5.518923384	7.701251331	6.392036752	-1.340245838	0.577830952
17	1.328927063	5.542743414	5.327137133	-2.437986514	5.728282549	7.651971771	6.204269121	-1.452069478	0.44175
18	0.820675532	5.459554579	6.161591305	-1.610477385	5.131131942	7.69277872	6.387700691	-1.333846886	0.641907738
19	2.42005709	5.520980079	5.802097199	-1.667013478	5.395984727	7.650913533	6.437694505	-1.181279692	0.550292857
20	1.975723676	5.462415018	5.587265809	-1.995530063	6.258819231	7.68514239	6.3417336	-1.319682738	-0.385197024
21	2.27378115	5.439074113	6.273331559	-1.394210036	5.869027949	7.657859299	6.62417589	-0.996134087	-0.080155952
22	1.37894855	5.45145444	5.668158769	-2.046074509	5.717168962	7.674523493	5.795025955	-1.888947599	-0.132832738
23	2.297949422	5.421518437	6.399692519	-1.089669488	5.453284489	7.695757991	6.398882113	-1.178555747	-0.009634524
24	1.260914563	5.455794317	5.911605892	-1.776392675	5.655011294	7.702706659	6.153821261	-1.517437192	0.245371429
25	1.494427249	5.466049889	5.150662403	-2.406654125	5.165277135	7.703775957	5.54434004	-2.125322846	-0.004044643
26	0.816772057	5.426965343	5.077532984	-2.791924463	5.682761612	7.701143644	5.382882798	-2.346471888	-0.345779762
27	1.26292063	5.798547959	5.193382242	-2.650600411	5.771026187	7.686039313	5.700144914	-2.008523287	-0.245869048
28	0.86134713	5.358839637	5.531281916	-2.125495984	5.607387387	7.602344871	6.155287685	-1.459539617	-0.156155952
29	1.303091739	5.064245477	4.974621813	-2.484203852	6.041549977	7.548430526	5.76507914	-1.764304571	-0.299516667
30	1.622236165	4.965960562	6.059474162	-1.523480921	5.870301	7.550673761	6.173934902	-1.383701125	-0.255275595
31	0.897237664	5.054857561	4.360674197	-3.308692705	5.5441224	7.579806496	4.891914319	-2.707225727	-0.2608375
32	0.433514329	5.390138905	4.793307192	-2.758474375	5.553181009	7.647842841	5.628134856	-1.996540193	-0.041038095
33	0.953559798	5.512714656	5.783928873	-1.966332961	5.689433028	7.683041869	6.6103515	-1.053963186	0.155781548
34	1.675559597	5.438339161	6.521901819	-1.222230938	6.071711593	7.663857697	6.806796437	-0.864911596	-0.142984524
35	-0.26992489	5.407619997	5.473991014	-2.259677594	5.364517276	7.677877279	5.749449854	-1.96170337	-0.092547619
36	0.532821386	5.409774044	6.220148041	-1.589574669	5.694867926	7.697888723	6.526416421	-1.197570777	0.23379881
37	1.086658762	5.41650409	6.155927897	-1.493084415	6.191834998	7.699125061	7.047206614	-0.613292317	0.611614881
38	0.845226431	5.460561332	5.45821331	-2.137185361	5.790025397	7.715022711	5.976562393	-1.713074678	-0.029407143
39	1.485036323	5.268402164	6.046496928	-1.480229103	6.469226525	7.731844565	6.678881053	-0.988358534	0.189453571
40	0.695368144	5.387865204	6.090246389	-1.667834239	6.001908189	7.73524342	6.424955846	-1.299222088	-0.005266667
41	1.091162168	5.362972504	5.123768208	-2.637805101	5.848754045	7.751767134	5.350135821	-2.352729878	-0.401817857
42	0.243209788	5.32303965	5.317697653	-2.553924702	5.527120653	7.751989779	6.59012933	-1.16174125	0.474449405
43	1.060674578	5.437830217	5.755394816	-2.114633719	5.494185688	7.777350751	6.457303265	-1.321072351	0.218971143
44	0.844789174	5.525101913	6.25879079	-1.597047809	5.904255263	7.788154796	6.429882675	-1.367554954	0.232705952
45	1.597150043	5.569145359	6.201886351	-1.529668658	5.554958622	7.822442345	6.818683339	-0.969525498	0.443547619
46	0.632070886	5.329306774	5.881915614	-1.998616937	6.118378342	7.837892561	6.261821056	-1.573735531	0.319047024
47	1.77065701	5.394554398	5.636496404	-2.213021073	5.413480995	7.874442594	6.643371119	-1.190272836	0.66250119
48	1.975116326	5.363054238	6.011413387	-2.01993902	5.52961468	7.938589944	6.632762201	-1.294475596	0.735090476
49	2.734067082	5.469238206	6.29151904	-1.503867357	5.714693026	7.930469533	6.402755904	-1.436506386	0.726638095
50	1.647715056	5.331878669	5.233215642	-2.734881944	5.694368619	7.94370876	5.840087794	-2.073748204	1.108710119
51	2.452487293	5.555124347	6.134519038	-1.686901721	5.39431464	7.902377365	6.265708517	-1.578907027	1.34682619
52	1.737451739	5.019465054	5.615979174	-2.129301914	4.304189667	7.873293213	5.872540235	-1.958515743	1.41709
53	1.116551267	4.150241064	5.214991563	-2.528158214	5.954863146	7.673384607	5.894402834	-1.785933434	0.8451
54	2.471399905	5.529388971	6.153713591	-1.613318637	4.722202149	7.913547143	6.801163847	-1.04920596	1.278045833
55	2.27152349	5.614183315	6.137172439	-1.500434135	5.155082809	7.884540652	6.730094273	-1.061729429	1.175044048
56	1.256489419	5.541274272	4.716058953	-2.938645454	4.892994421	7.873865124	5.643615337	-2.130543612	0.9645875
57	1.099124735	5.495077294	5.407193323	-2.397189364	5.325275148	7.873681623	5.970426335	-1.873069731	0.862791071
58	2.513160376	5.531622726	6.265342624	-1.476669883	5.649599802	7.855360091	7.111143059	-0.698842304	0.913433333
59	1.66659538	5.344269294	6.255948853	-1.614944344	5.07934586	7.863012571	6.981907043	-0.851330822	1.13661369
60	1.385155209	5.346561529	6.539658766	-1.358025756	4.320314045	7.888651494	6.965827627	-0.908119611	1.178635119
61	1.455033023	5.707047195	5.577622658	-2.300801562	5.086157815	7.925624383	6.584700952	-1.306975093	1.06101131
62	1.579605542	5.512923038	6.133978893	-1.605891869	5.434400157	7.88594489	5.989736865	-1.798173786	0.735242262
63	0.886844273	5.530638928	6.454724253	-1.478871931	4.569328221	7.845255211	6.897825186	-0.978005892	1.015943452
64	1.466434291	5.570229905	5.775521761	-2.113712276	5.589580279	7.814969227	6.451523054	-1.364542054	0.919245833
65	0.970337922	5.563192307	6.035832536	-1.814499021	3.953997826	7.762959303	6.752200837	-1.033969575	1.049294048
66	0.921744914	5.421226014	5.852725891	-1.919229762	5.51454326	7.745064645	6.469222631	-1.251774779	0.84710119
67	1.56341252	5.491873207	6.582367046	-1.224293319	5.225778668	7.736288901	7.069671646	-0.683943465	0.849510714
68	0.95469343	5.583715425	6.378262044	-1.464275351	6.288408651	7.737263179	6.473192334	-1.267273666	0.165217857
69	1.977760079	5.481891546	5.550539341	-1.95603851	5.86470322	7.617542997	5.688467382	-1.843694838	-0.610788095
70	1.828978795	5.62315377	5.372750808	-2.383927728	6.28170372	7.635321139	6.07130119	-1.571769589	-0.126057143
71	1.575812283	5.389987209	6.043961657	-1.441797321	6.373612276	7.704720715	6.320125745	-1.305194183	-0.06103631
72	0.275530936	5.408211359	5.706125466	-1.933068946	6.082344152	7.710605319	6.101865908	-1.563697446	-0.115017262
73	-0.104141371	5.635095407	5.691150827	-2.018418029	5.607475261	7.65928367	6.404362282	-1.265975227	0.019332143
74	0.557600251	5.416879605	5.769203042	-1.881429866	6.196392344	7.6808023	7.106513432	-0.564500969	0.12478631
75	1.011257618	5.484239658	5.380460064	-2.382937975	5.838674782	7.617373212	5.951448279	-1.659540766	-0.300091667
76	1.538694253	5.56388522	5.260632617	-2.496953757	5.71376107	7.681340693	5.706991606	-1.958125798	-0.643490476
77	2.260162316	5.416249551	5.073522531	-2.658161452	5.479678142	7.646265556	6.088626367	-1.555891255	-0.485556548
78	1.486612054	5.44509387	5.844626538	-1.819185001	4.2251436	7.673007151	6.558096481	-1.113393091	-0.489295833
79	1.999003876	5.463639222	5.696762905	-2.05974123	5.670691841	7.666645612	6.562057282	-1.078736608	-0.9205875
80	1.466356949	5.53411104	4.987534859	-2.611785423	5.3299528	7.681096255	5.443473636	-2.170273938	-1.260820238
81	1.416937681	5.472659341	5.750598775	-1.788528606	6.010222723	7.62982826	6.304394392	-1.274641858	-0.624756548
82	2.169053931	4.902465084	5.383723703	-2.25347302	5.880592541	7.556695526	6.12323658	-1.427271042	-0.637647024
83	1.570674312	4.863963825	5.004096923	-2.524934731	5.579104098	7.554724506	5.292227432	-2.227454252	-1.351610714
84	2.035488428	5.193537222	6.026355149	-1.438454102	5.878377155	7.601622438	5.989214995	-1.561202881	-0.966501786
85	1.629761951	5.350063566	6.097198438	-1.633943699	5.853824349	7.664385737	6.443818921	-1.216673863	-0.910977381
86	0.575275304	5.398820317	5.554621496	-2.040838996	5.313781347	7.682940428	6.078092666	-1.57255568	-1.290073214
87	1.87365578	5.303157558	5.622183933	-1.943859546	5.821896944	7.692689123	6.155249788	-1.478832142	-1.337458333
88	1.746874513	5.502297633	6.362430547	-1.393664343	5.601318691	7.719571346	6.469490229	-1.233728368	-1.210789881
89	2.108433265	5.308502809	6.190426065	-1.646801476	5.588651896	7.722327005	6.612017033	-1.133392487	-1.213542262
90	1.464505218	5.364498507	6.448164699	-1.349390801	6.137459969	7.736530611	6.873040589	-0.876154419	-0.922794643
91	1.786343833	5.460489324	5.792544713	-2.088065517	5.086796295	7.747763882	6.364269123	-1.410893356	-1.423910714
92	1.774016433	5.438642395	4.919936609	-2.90270534	4.302864569	7.734915507	5.455829736	-2.257689141	-1.006448214
93	1.568767099	5.299845154	5.815915244	-1.917270588	5.041642578	7.751119392	7.1684469	-0.561599492	-0.689244048
94	1.997943551	5.364123342	6.270273246	-1.545033877	4.456904578	7.766706908	6.539646166	-1.205863634	-0.897369643
95	1.573339244	5.382421708	5.911875758	-1.881777515	5.254465359	7.763074454	6.981038932	-0.746014104	-0.563875
96	1.536764452	5.64134397	6.25490333	-1.595586618	5.82781516	7.760661769	6.86386932	-0.875491761	-0.649688738
97	0.613179343	5.413107869	5.609768807	-2.247449514	5.275802726	7.779678552	6.251548283	-1.534549219	-1.047569643
98	1.281525663	5.356693509	5.730083335	-2.038560826	5.046965161	7.788127648	6.356448624	-1.416813641	-0.688871429
99	1.666789318	5.514802714	5.285185468	-2.481360542	5.073649354	7.812351708	5.586044081	-2.172924196	-0.807696429
100	2.288981	5.515763745	6.730721303	-0.892203096	6.383979551	7.817263538	7.067436555	-0.639614188	-0.518077976
101	1.498478063	5.391607985	6.273351772	-1.412575072	6.450510252	7.839713115	7.30364693	-0.465358788	-0.562582143
102	1.131358667	5.434288409	6.267353452	-1.434937828	5.868939559	7.850469993	7.176923269	-0.605004803	-0.360975595
103	1.064234054	5.568927435	6.322427658	-1.601303625	6.23410713	7.850328532	7.090176037	-0.716337531	-0.348817262
104	2.10870872	5.797346763	6.167141898	-1.358555287	6.634301626	7.806936183	6.828228807	-0.862239381	-0.546808929
105	2.406140396	4.701819765	6.382763236	-1.224984657	6.626871219	7.686281863	7.101328403	-0.534406721	0.15205625
106	2.106286303	5.640154809	6.539937199	-1.099823375	6.352315	7.805782324	7.3941217	-0.371209625	0.179074479
107	1.678200432	5.569813229	6.674266766	-1.183685696	6.228496872	7.855477769	7.088224924	-0.739435878	-0.458594643
108	1.563664621	5.497768657	5.88308666	-1.945785346	6.057274739	7.851714447	6.586491801	-1.240719033	-0.5788
109	1.372265998	5.359433359	6.486468488	-1.395999762	5.954774034	7.868340825	6.717610342	-1.119225779	-0.5984375
110	2.079140729	4.994470811	6.106644992	-1.772471197	5.432139177	7.902456618	6.482224116	-1.385130175	-0.067228571
111	2.941311217	5.658520859	5.408071537	-2.444933741	5.430899624	7.929132918	5.80048058	-2.070381072	-0.519299405
112	1.732875844	5.612355703	6.227057003	-1.438789365	6.465324706	7.844208051	7.044692324	-0.750271358	-0.256622024
113	1.4673316	5.527133038	6.530696546	-1.231107099	6.273928373	7.799099318	7.416868724	-0.35654346	-0.165141667
114	1.675612692	5.454695923	5.821710472	-1.894497092	5.681692382	7.786044935	6.67277107	-1.069318272	-1.246496429
115	1.065330445	5.42038439	5.78809268	-1.759321005	5.502986731	7.776812135	7.080917958	-0.660063053	0.04301131
116	1.191550995	5.391100253	6.142587749	-1.652096918	5.71366496	7.752424688	6.603112727	-1.133405592	-1.313417262
117	1.319589758	5.398599283	6.315961676	-1.457277032	5.903522214	7.739033933	6.417422598	-1.309297	-1.273850595
118	1.753531017	5.479696615	6.477958249	-1.171725126	6.618878824	7.721702105	7.322219456	-0.360070232	-0.425015476
119	1.513045411	5.547396217	5.91636343	-1.666097838	5.748307097	7.658477619	6.453812458	-1.156056841	-1.253080357
120	1.994105301	5.391846146	6.341027276	-1.314670588	6.473319473	7.672818831	6.330431543	-1.293102873	-0.603222619
121	1.325228635	5.511270905	6.144748927	-1.680758627	5.657197287	7.698412599	6.643611456	-1.080569822	-1.171242262
122	2.005205541	5.430830425	6.247166382	-1.335197892	6.261047991	7.694810141	6.682071301	-0.980236205	-0.944791667
123	1.76964518	5.542891544	6.081929818	-1.350728018	5.515592836	7.603310273	6.255818589	-1.249446186	-0.868344643
124	2.116367521	5.352773454	6.646545846	-0.90622055	5.80448322	7.671305447	6.993343024	-0.629289044	-0.693790476
125	2.021542784	5.542064099	6.568413001	-1.052554101	5.959379548	7.608994629	6.822839108	-0.784188025	-1.016057738
126	2.02639622	5.54025376	5.486831912	-2.303771663	5.523526434	7.674451602	5.96916416	-1.706984918	-1.377819643
127	2.077606465	5.629674019	6.05840145	-1.465584749	5.216321519	7.612604555	7.095143344	-0.477138345	-1.001979167
128	2.120798007	5.3101965	6.114262663	-1.37125064	5.750408574	7.631648144	6.895357312	-0.673687947	-0.957932143
129	2.277480272	5.508338473	5.972665557	-1.471303714	6.045146064	7.661966761	6.416382081	-1.162500149	-1.15684881
130	2.3480758	5.417777469	6.017647395	-1.451127576	5.415767717	7.665454931	6.450931085	-1.112974592	-0.792852381
131	2.081280452	5.42084022	6.125474079	-1.601041922	5.657683901	7.655204616	6.827222868	-0.803697528	-1.246363095
132	2.064895779	5.422396139	5.26376312	-2.404339573	4.716149767	7.6484986	5.832109375	-1.807132567	-1.438291071
133	2.193278533	5.271727676	5.676927287	-1.735611072	5.761981062	7.598930278	6.437313459	-1.116410973	-1.099320238
134	1.820724929	4.952272019	5.576761017	-2.033406611	5.525789108	7.497854084	6.714892645	-0.763239831	-0.682335714
135	2.237549762	4.653822442	6.244850197	-1.279596554	6.090665927	7.497850784	6.177894715	-1.311116341	-1.116425595
136	1.441372242	5.222806891	5.361972195	-2.327507041	4.817113032	7.59296029	5.939669874	-1.653354312	-1.497489881
137	2.467124245	5.356097263	6.294493524	-1.433176732	5.699933257	7.635065187	6.537321144	-1.14386901	-1.288755357
138	1.701502805	5.250588706	5.048644513	-2.519558449	4.342460374	7.673699198	5.942877487	-1.677344182	-1.366985714
139	2.266122051	5.454929569	6.073199117	-1.665562036	5.996662656	7.689357486	6.371398149	-1.324950357	-1.351692262
140	1.733708981	5.415688195	5.409974446	-2.120469502	5.263344455	7.686880813	6.356376308	-1.244395575	-1.381782143
141	2.18641171	5.376559679	6.01635972	-1.711229494	4.906128782	7.688111734	6.822968698	-0.858067723	-1.234005952
142	2.317782223	5.414942811	6.117986792	-1.49197325	5.00243202	7.677563081	7.028380832	-0.617617116	-0.513696429
143	1.797520596	5.27521697	5.922929416	-1.79272944	3.853689224	7.700014925	6.712254398	-0.957732611	-0.61623869
144	1.927094758	5.379979863	6.1666191	-1.377660697	6.185911112	7.720213428	6.972126375	-0.686516753	-0.630319048
145	1.79451083	5.213371918	6.239210136	-1.346235226	5.598114017	7.729908001	6.925302798	-0.752620046	-0.766421429
146	2.081124805	5.236877644	6.255656117	-1.518613248	5.862796156	7.734855638	6.803558108	-0.889727577	-0.798715476
147	1.071007189	5.264356351	6.23412755	-1.509942944	5.625955956	7.715394371	6.472962503	-1.250165448	-1.019655357
148	1.603531913	5.58525413	6.147766964	-1.708637803	6.000937437	7.758360521	6.455305251	-1.316368998	-1.099595048
149	1.537207921	5.4258252	6.227135055	-1.627659842	6.325128572	7.776065519	7.003460402	-0.74558633	-0.063727976
150	1.180025435	5.363460211	6.287022298	-1.48709462	5.951351847	7.792476713	7.081533501	-0.665884462	-0.313056548
151	1.443565413	5.339927795	5.716708022	-2.136337731	5.174461269	7.785871798	6.506637849	-1.231752876	-1.1549625
152	1.675572771	5.108316405	6.321638969	-1.413325934	6.630096168	7.81930144	7.133580944	-0.654052957	-0.54533869
153	1.433995894	5.210146076	5.939983757	-1.81984312	5.887627355	7.831992922	6.407851932	-1.339568634	-0.916996429
154	1.763695457	5.009809711	6.001119951	-1.764636233	6.146080251	7.897274345	6.741194579	-1.096896233	-0.173740476
155	2.61805433	5.491341892	6.661450615	-1.174175973	6.169533352	7.88760861	7.13735414	-0.698697335	-0.154469048
156	2.402701736	5.476405316	6.77341413	-0.914904379	6.800040552	7.873869654	7.186725405	-0.601487037	-0.036707143
157	3.100154233	4.738319928	6.371767006	-1.318428592	5.968164042	7.676461573	7.315450537	-0.325850039	1.052281771
158	1.300659146	5.42677261	6.609568904	-1.137411405	5.978564251	7.736782329	7.297306232	-0.427341963	0.410673438
159	1.198412853	5.312090132	5.984729502	-1.890363465	5.69699233	7.856575431	6.338962091	-1.501267172	-0.730050595
160	1.84339805	5.45398953	5.826075554	-1.920767451	6.565195658	7.900321191	6.370726229	-1.463460164	-0.163611905
161	2.308156378	5.455347851	6.684824309	-1.123946766	6.610126647	7.898291729	7.030030854	-0.795672689	0.154669643
162	1.251205872	5.233112775	6.466263234	-1.435239666	5.889835666	7.853040623	7.308841767	-0.523278322	0.735867857
163	1.342512751	5.20078259	6.425986148	-1.484474815	6.376312826	7.849623249	6.792845344	-1.053834233	0.174293452
164	1.30402765	5.475590986	5.993461853	-1.935448076	5.742669053	7.857199823	6.198611789	-1.668691716	-0.407170238
165	1.758696098	5.17096571	6.233253848	-1.574561582	6.352393789	7.848292531	6.744241457	-1.081370919	0.16627619
166	0.988257553	5.540613813	6.358077509	-1.370878542	6.167469631	7.827243275	6.806691076	-0.949746798	0.244416667
167	2.145878391	5.148829237	6.997008564	-0.698021238	6.709060118	7.786410897	7.340020727	-0.386477858	0.507690476
168	2.636959558	5.551196536	6.800966703	-0.7877464	6.43875719	7.821507076	7.021769316	-0.693629348	0.492707738
169	2.085168395	5.43385169	6.503097244	-1.286257719	6.181546223	7.850384191	7.415812789	-0.403176228	1.112355952
170	0.482070156	5.597114209	5.308775772	-2.414921733	5.321946854	7.691541302	6.309485284	-1.378105905	0.898557738
171	1.33203564	5.527903827	5.565589976	-1.966761937	5.748341076	7.732799705	6.02144224	-1.654645978	0.439325595
172	1.882780205	5.354810202	6.321312468	-1.407211732	5.810189784	7.741427568	6.736479634	-0.991749532	0.609414286
173	1.961295105	5.307164893	6.75692052	-0.970103617	5.594751037	7.66906165	7.231213781	-0.43946044	0.853542857
174	1.300004998	5.431868125	6.343090954	-1.398696048	5.541391934	7.658143211	6.835197387	-0.831418168	0.703544048
175	0.608556333	5.417717283	6.597729972	-1.129095458	4.871763851	7.64194443	6.878822888	-0.766182448	0.82582381
176	1.254326579	5.350207427	6.068314957	-1.507822553	5.579606335	7.595327424	6.446881276	-1.119971729	0.585994048
177	1.337362551	5.669702865	6.014028917	-1.620546431	6.28061947	7.624566669	6.821393042	-0.791949411	0.469145833
178	1.990959699	5.579149158	6.506585586	-1.152060057	6.524823027	7.606263066	6.748619974	-0.840363658	-0.28853631
179	1.598614394	5.521493837	6.439218562	-0.915123329	6.664734631	7.623193817	6.721318122	-0.810728313	-0.211643452
180	4.931233533	5.267460612	6.190460325	-1.415022233	5.988952826	7.58166503	6.423652725	-1.127466423	-0.061806548
181	1.694391474	5.488424654	6.446284697	-1.203291492	6.348606508	7.672095686	6.854297991	-0.797650809	0.123613095
182	2.139968351	5.471701874	6.173488908	-1.203303863	6.210649067	7.654835273	6.62428654	-0.904069044	-0.000890476
183	1.22280455	5.529170572	5.968657205	-1.478519612	6.346777302	7.660403201	7.058809332	-0.547131618	0.120220238
184	1.389629728	5.511695577	5.00280829	-2.757751486	6.330013668	7.645352152	5.98634731	-1.653341562	-0.651289286
185	1.01866782	5.373265829	6.378084027	-1.051058234	6.549345122	7.603031145	6.666570495	-0.865643979	-0.47336131
186	0.904608504	4.971264875	6.088888746	-1.53812798	6.105287795	7.557059413	6.573414103	-0.996922137	-0.444132738
187	1.822477582	4.706922049	5.557961599	-1.928902456	6.585496518	7.579350446	5.484994503	-2.043487001	-0.708445833
188	1.434147872	5.203084312	5.704350124	-1.705143445	6.17362246	7.584891029	6.377344266	-1.167043957	-0.251985714
189	1.061538889	5.440910024	5.792644484	-1.699073079	6.157829942	7.661857559	6.571916175	-1.032307256	-0.128475
190	1.08075051	5.451224624	6.102751009	-1.525973763	5.783943204	7.641924434	7.102234771	-0.514246617	0.196294643
191	2.148665873	5.42000205	5.623219723	-1.759038308	5.917089163	7.635168726	6.120101167	-1.403545018	-0.369439286
192	2.237529187	5.530688296	6.494139773	-0.939892768	6.191294445	7.668013005	6.582775088	-0.963177792	-0.304582738
193	2.061353117	5.448348511	6.453171996	-1.210943917	5.980829742	7.650279186	6.965411915	-0.641518155	-0.07154881
194	1.862844975	5.444782508	5.765762493	-1.686471612	5.890206897	7.672912996	6.050631524	-1.514648122	-0.34644881
195	2.210101591	5.495358963	6.421716849	-1.186565073	5.643258704	7.697283494	6.642238431	-0.99651613	-0.010040476
196	2.18419305	5.38979792	5.9183425	-1.707842237	5.108222825	7.692295345	6.175619739	-1.46312608	-0.06007619
197	2.091890759	5.456630822	6.395994105	-1.355147918	4.69659486	7.678152811	7.035603888	-0.627668909	0.186769643
198	1.357703489	5.413130806	5.941656107	-1.502331592	5.995754935	7.695660539	6.987545207	-0.635747285	0.258208929
199	1.854747009	5.199886012	5.44986108	-2.102684336	5.162326102	7.696071937	6.383577015	-1.232946357	-0.034855952
200	2.364791817	5.502153381	6.450694653	-1.020112229	6.24320767	7.709549497	7.38932936	-0.254402463	0.623297857
201	2.068978916	5.498134517	6.582895492	-1.05278241	5.934242931	7.766923731	7.483609259	-0.237512333	0.802919643
202	1.26159483	5.426302371	5.613462411	-1.970997855	6.0845349	7.769916618	6.900790606	-0.814854397	0.412123214
203	1.211032367	5.518182812	6.147629431	-1.464141087	6.081298752	7.781488881	7.14182935	-0.568260621	-0.188519643
204	1.336677641	5.449435208	5.957590101	-1.537475396	6.258391818	7.821394881	6.511851459	-1.227076948	0.088736905
205	1.978323316	5.475378843	6.679059152	-0.985026123	6.552401195	7.799670372	7.324560605	-0.412087416	0.567700595
206	1.818155814	5.29346114	6.468813761	-1.391460158	6.796902846	7.830971971	7.464547356	-0.323043023	0.46263631
207	2.009637938	5.443713897	6.330434754	-1.223588536	6.489428417	7.805511008	6.924015224	-0.784325252	-0.281920238
208	2.400948379	5.181543944	6.793403404	-0.824609255	6.668664527	7.804110518	7.583692718	-0.154352709	0.341189286
209	2.373548843	4.772244088	6.715684631	-0.981481636	6.381267453	7.6436198	7.613466063	-0.010642718	0.637741667
210	1.608391693	4.913122495	6.094271182	-1.589515234	6.125279709	7.693429414	7.237590959	-0.414558001	0.429916667
211	1.123562237	5.291647534	5.958634212	-1.958981613	5.503225207	7.824543506	7.640886961	-0.138378252	0.623009524
212	2.150811109	5.067323175	6.851654045	-0.896759079	6.67384003	7.860582263	7.559944047	-0.260919384	0.327945833
213	1.821789329	5.103226882	5.947479961	-1.759968327	6.393652099	7.922023626	7.733673146	-0.149265201	0.655982738
214	1.309499258	5.601070428	6.144015032	-1.802188871	5.935982159	7.918141167	7.644189984	-0.246222198	0.59045119
215	1.623342133	5.317259942	6.465287725	-1.189598085	6.755630851	7.860586854	7.451594203	-0.359684782	0.362002381
216	2.06136365	5.136150611	6.897642138	-0.802142236	6.563348341	7.837815067	7.592125963	-0.184621407	0.332130952
217	1.678521298	5.197918309	6.619864256	-1.052296616	6.763183786	7.830841914	7.1895091	-0.574031051	-0.170017262
218	1.646005585	5.198920256	6.394378964	-1.42689497	6.585254869	7.80386274	6.867354823	-0.925768134	-0.781660714
219	1.921640021	5.448374737	6.758477107	-1.013971438	6.817265684	7.802642388	7.187711153	-0.570994784	-0.277958929
220	2.526890371	4.85208395	7.009469571	-0.656005445	7.013041769	7.780899889	7.24878768	-0.472469398	-0.435899405
221	0.923376709	5.412187253	6.479864983	-1.448550955	5.96706004	7.77585067	7.59321825	-0.179259504	0.176774405
222	0.047870386	5.441513962	6.359405627	-1.443628962	6.0777247	7.759104869	6.427643592	-1.332371326	-0.7807625
223	1.247339075	5.289026751	6.101301032	-1.671450337	6.060401661	7.763469156	6.630738353	-1.1044311	-0.843294643
224	1.904758526	5.274768413	6.752942684	-0.928918843	6.885890764	7.752051189	7.211534769	-0.503277601	-0.417170238
225	1.615561419	5.541683672	6.685186755	-1.024838214	6.181043162	7.622314435	7.199340439	-0.437075025	-0.015301786
226	1.228774967	5.45861898	5.333702121	-2.10173909	5.593575794	7.640961306	6.808230875	-0.781861927	-0.370598214
227	1.578153956	5.103534073	5.792072237	-1.758177628	5.957032096	7.645286673	6.246418179	-1.334380421	-0.189033333
228	1.816455284	5.175160885	5.791957073	-1.97451025	5.42232655	7.698431496	6.410302145	-1.290743577	0.3689875
229	1.199955131	5.558821953	6.128783283	-1.665583608	6.021770188	7.665231695	6.340926037	-1.370890297	-0.133957143
230	1.609346075	5.32930715	5.818252266	-1.955066295	5.767954693	7.67645157	6.204846321	-1.474724525	-0.767397619
231	2.167506911	5.360523994	6.437442782	-1.31127932	5.756634158	7.64737702	6.781645259	-0.876362744	-0.488472024
232	1.792995354	5.489176193	5.465038489	-2.19912375	5.200512414	7.6703369	5.776306143	-1.869371918	-0.639460714
233	1.750528426	5.459324224	6.180423367	-1.601726039	5.741752286	7.682561991	6.548739161	-1.150911936	-0.830007143
234	1.987657092	5.36296018	6.464734478	-1.189444836	6.290683933	7.731157658	7.146875286	-0.532548751	-0.498541667
235	1.465370743	5.441960233	5.837412098	-1.852035495	5.599574241	7.705937922	5.856196954	-1.800275859	-1.021200595
236	1.121785235	5.368377948	5.761961753	-2.033517442	5.4389853	7.693893936	6.552558833	-1.133592131	-1.320785714
237	0.915820482	5.318742594	6.268345626	-1.479856305	5.817900379	7.659157329	6.617116459	-1.048993932	-1.073580952
238	1.439708758	4.8620296	6.006695264	-1.537089816	6.422751162	7.562006932	6.430141816	-1.110724834	-1.027698214
239	0.188838729	4.635434475	5.297738533	-2.241050196	5.207974246	7.585314332	5.870086889	-1.699371809	-0.796051786
240	0.626873457	4.838952011	5.768586323	-1.751133416	6.13109655	7.630562389	6.204317233	-1.372457854	-0.564788095
241	2.049315972	5.186386263	6.419684126	-1.137128189	6.349448603	7.676680592	6.423894172	-1.175888933	-0.081043452
242	2.136043377	5.262976132	6.301730519	-1.435648223	6.367210714	7.690879178	7.399456331	-0.27042646	0.545636905
243	0.711294273	5.302026177	6.339572043	-1.456699226	6.131754767	7.700136209	7.447643743	-0.231544707	0.571073214
244	1.027354179	5.269440023	5.780201173	-1.896009238	6.228223039	7.686490205	6.141550856	-1.504387849	-0.25498631
245	0.51172196	5.287727055	4.540576478	-2.990313228	5.296766428	7.683546177	5.511602964	-2.088232571	-0.0884
246	0.843626495	5.332673539	6.118574165	-1.576589858	5.689807248	7.689553612	6.656236748	-1.016937231	-0.387395833
247	1.207611372	5.323245037	6.175959029	-1.491563899	6.317698388	7.682822525	6.852242569	-0.807930958	-0.17203869
248	1.349135733	5.340450873	6.261716828	-1.451776199	6.279065442	7.702453944	7.08836406	-0.584893418	0.332900595
249	1.864587688	5.336940423	6.232708142	-1.273066511	6.576333897	7.7067334	6.5095672	-1.092198862	-0.591858333
250	0.683260858	5.502752083	6.685937073	-1.196011704	6.092504058	7.727451197	7.446883715	-0.28497425	0.369081548
251	1.195305928	5.127031169	6.15859096	-1.381175157	6.330477644	7.716129321	6.8628264	-0.814411391	-0.32555
252	1.558222457	5.335972257	6.327017179	-1.29649173	5.942808778	7.754849853	7.299705825	-0.41459213	-0.153208476
253	2.164695045	5.31657504	6.649161858	-1.088370289	6.204065636	7.747989989	7.229899163	-0.471019729	-0.298305357
254	1.607797061	5.345768059	6.273719321	-1.422893764	6.217007049	7.774335423	7.066903654	-0.64177342	-0.283815476
255	1.738783693	5.052958661	6.697570171	-0.955138099	6.478733242	7.790215885	7.356066997	-0.374560843	-0.108254762
256	1.976532704	5.178782799	6.323196405	-1.388001824	6.516686028	7.801990276	6.728194194	-1.007870672	-0.428727381
257	1.91642881	5.084160742	6.510726687	-1.277667532	6.416584507	7.819117218	7.295395802	-0.485026486	0.225632738
258	2.42882787	5.436494129	6.633440924	-1.052156778	6.494057227	7.831709429	6.765491997	-0.969443772	-0.371968452
259	1.614487114	5.419001565	6.538037107	-1.291089422	6.198535717	7.847888088	7.63319965	-0.173444552	0.498242262
260	2.184253029	5.144294672	6.324610765	-1.332736926	6.093363359	7.846624893	7.692143223	-0.101631273	0.707327381
261	2.151211387	4.894278932	6.672887059	-1.118773457	6.578420394	7.712574267	7.064748853	-0.65612798	0.612830357
